50 200 200
1 1 1
140 107 224
26 191 10
10 14 136
53 34 13
168 85 197
128 164 104
58 175 187
154 124 115
138 97 50
164 186 250
112 96 149
54 164 191
182 172 125
47 131 196
83 140 22
26 198 54
84 102 139
124 55 12
134 145 96
53 100 224
120 99 88
182 62 248
8 144 181
177 6 20
171 178 131
58 173 28
90 195 38
141 135 252
66 181 26
128 17 194
68 84 173
127 15 51
112 180 27
43 82 232
74 100 102
99 8 198
115 186 89
44 143 49
50 197 234
125 90 239
98 67 40
191 119 56
54 62 24
165 42 253
100 13 91
135 45 200
137 44 132
73 20 37
184 140 121
